5
5
4 H
4 i
5
4 H
4 e
4 l
4 l
4 o
5
6 1 2 i
6 2 1 H
6 2 3 l
6 2 5 o
9
5
4 H
4 i
5
4 H
4 e
4 l
4 l
4 o
5
0 3 1 1 1 3 3 2 0 1
6 2 3 l
5
6 3 1 l
4 P
6 3 1 P
4 o
0
4 y
6 2 3 y
1
1
5
4 .
2
4 E
6 5 2 .
9
5
4 A
4 B
4 C
5
4 D
4 E
4 F
4 G
5
4 H
4 I
4 J
4 K
4 L
5
4 M
4 N
4 O
4 P
4 Q
0 0 0 2 2
4 b
2 2
4 a
6 1 1 a
2
5
6 2 1 a
2
4 R
4 S
4 T
4 U
3 0
4 V
6 1 1 V
9
5
4 A
2
4 B
2
4 C
2
4 D
2
4 E
2
5
0
4 F
2
4 G
2
4 H
2
4 I
2
4 J
2
5
0
4 K
2
4 L
2
4 M
2
4 N
2
4 O
2
5
0
4 P
2
4 Q
2
4 R
2
4 S
2
4 T
2
5
0
4 U
2
4 V
2
4 W
2
4 X
2
4 Y
6 5 5 A
6 5 4 B
6 5 3 C
6 5 2 D
6 5 1 E
6 4 5 F
6 4 4 G
6 4 3 H
6 4 2 I
6 4 1 J
6 3 5 K
6 3 4 L
6 3 3 M
6 3 2 N
6 3 1 O
6 2 5 P
6 2 4 Q
6 2 3 R
6 2 2 S
6 2 1 T
6 1 5 U
6 1 4 V
6 1 3 W
6 1 2 X
6 1 1 Y
9
560
3805
4 S
1
2
3
6 401 246 Q
4 H
1
2
3
6 14 313 P
4 A
1
3
0
6 222 203 C
4 U
3
1
0
6 196 359 W
5
4 H
0
2
1
6 244 412 v
4 z
2
2
0
6 259 97 i
4 K
3
0
0
6 367 381 g
4 R
0
3
0
6 75 225 q
4 M
1
2
0
6 118 446 l
4 F
0
0
1
6 408 57 i
4 D
2
1
3
6 210 205 W
4 I
0
2
0
6 361 245 S
4 P
3
2
1
6 42 279 .
4 b
1
2
2
6 7 390 m
4 X
3
3
2
6 363 137 D
5
4 e
3
3
3
6 321 239 F
4 m
0
0
2
6 371 92 r
4 t
2
2
2
6 105 393 l
4 H
0
0
0
6 79 37 N
4 t
2
1
0
6 389 245 E
4 N
0
3
3
6 134 363 Y
4 e
1
3
0
6 77 77 S
4 z
1
1
1
6 130 86 W
5
4 M
2
1
0
6 278 307 i
5
5
4 y
1
3
2
6 326 114 b
4 v
2
3
0
6 145 158 B
4 K
3
2
1
6 230 142 x
4 z
3
1
3
6 379 290 T
4 Y
3
0
3
6 443 315 q
4 U
1
3
3
6 9 401 K
4 j
0
3
3
6 192 411 U
4 z
3
1
1
6 208 82 d
4 o
3
2
3
6 13 438 n
4 b
0
2
3
6 451 444 Z
4 k
2
3
0
6 79 128 x
4 L
0
3
1
6 249 381 F
4 X
1
0
3
6 259 378 c
4 o
0
0
1
6 282 172 o
4 l
1
2
3
6 239 348 A
4 G
2
1
0
6 58 178 q
4 S
1
0
1
6 259 278 H
5
4 d
3
1
3
6 186 332 g
4 L
2
0
2
6 49 150 Q
5
4 A
1
3
1
6 101 168 d
4 q
2
2
0
6 447 152 m
4 D
3
2
0
6 212 404 r
5
4 H
1
2
3
6 416 293 F
4 c
1
3
0
6 409 394 H
4 L
1
0
0
6 124 437 g
4 a
2
0
3
6 261 152 X
4 k
3
0
2
6 32 111 M
4 v
3
0
2
6 29 159 f
4 x
0
2
3
6 425 116 V
4 B
0
2
1
6 279 286 S
4 Q
2
3
1
6 200 211 u
4 z
0
0
0
6 433 290 z
4 E
0
2
3
6 45 281 B
4 H
0
2
2
6 88 295 t
4 W
2
0
3
6 274 204 F
4 a
2
2
3
6 385 1 s
4 R
3
0
2
6 264 357 p
4 u
0
1
1
6 383 131 G
4 m
2
0
3
6 208 129 z
4 u
2
3
2
6 380 242 r
4 X
0
2
0
6 161 349 A
4 F
0
1
1
6 50 45 M
4 a
1
3
1
6 239 325 M
4 U
2
2
0
6 17 182 F
4 T
0
2
1
6 338 19 m
4 r
0
0
0
6 272 422 H
5
4 P
1
0
0
6 428 42 b
4 B
2
0
2
6 282 401 F
4 o
0
1
0
6 165 98 I
4 Y
1
1
1
6 57 198 l
4 q
3
3
2
6 423 442 I
4 X
3
1
0
6 171 411 v
5
5
4 M
2
0
3
6 413 16 z
5
4 k
0
1
2
6 305 209 D
4 K
0
1
2
6 136 107 K
4 S
1
2
0
6 249 447 r
4 m
0
3
2
6 444 235 E
4 w
0
3
0
6 335 15 p
4 s
1
0
3
6 155 391 s
4 P
0
3
3
6 24 390 W
5
4 Q
1
3
1
6 280 375 R
5
4 n
3
0
2
6 444 332 J
4 a
2
1
2
6 324 170 H
4 r
2
3
3
6 142 82 h
4 S
2
1
1
6 318 172 i
4 x
0
3
1
6 140 272 G
4 Q
2
0
0
6 72 36 d
4 p
3
1
1
6 235 312 r
4 D
1
2
2
6 80 81 I
4 s
0
3
3
6 141 100 n
4 k
2
2
0
6 359 243 X
4 Z
2
3
2
6 296 182 j
5
4 a
0
3
0
6 376 16 m
4 W
2
3
2
6 48 291 q
4 V
0
2
0
6 181 393 r
4 b
2
3
1
6 17 5 d
4 e
1
1
3
6 411 55 s
4 O
0
0
0
6 266 133 v
4 u
0
0
2
6 276 248 d
5
4 G
3
1
0
6 117 429 u
4 H
2
2
0
6 253 69 i
4 N
0
2
0
6 4 2 N
4 i
2
0
1
6 163 137 s
4 Y
1
0
1
6 335 165 W
4 s
3
0
0
6 458 71 F
4 M
1
2
0
6 225 32 F
4 q
2
2
0
6 387 106 W
4 P
1
0
0
6 191 29 s
4 n
1
0
3
6 251 373 o
4 i
3
0
3
6 109 194 e
4 G
3
3
2
6 125 234 A
5
4 R
1
2
0
6 300 424 w
4 l
2
2
1
6 363 23 e
4 K
0
1
0
6 221 380 D
4 I
1
3
0
6 141 331 R
4 Z
0
0
2
6 394 392 t
4 s
2
1
3
6 188 198 d
4 b
2
0
2
6 190 375 z
4 F
2
2
1
6 436 267 o
4 b
1
2
1
6 105 351 Y
4 J
2
2
3
6 403 155 K
4 I
2
3
0
6 349 384 D
4 X
2
1
2
6 342 428 H
4 b
3
0
2
6 219 156 m
4 C
1
3
1
6 342 294 D
5
4 L
1
0
1
6 67 140 h
4 Z
3
1
3
6 55 74 H
4 U
0
3
2
6 206 377 A
4 M
2
0
0
6 295 365 S
5
4 j
3
1
0
6 448 224 d
4 u
1
2
1
6 128 225 e
4 T
2
1
2
6 58 137 Z
5
5
4 r
2
3
2
6 195 159 T
4 r
1
0
3
6 296 187 s
4 A
3
3
2
6 186 353 A
4 Y
1
0
2
6 261 317 B
4 M
2
0
1
6 303 176 N
4 Q
2
2
1
6 1 12 i
4 m
1
0
1
6 72 352 C
4 n
3
3
1
6 139 250 i
4 r
3
3
3
6 411 287 N
4 N
2
2
2
6 164 2 a
4 Z
0
1
1
6 218 264 z
5
4 F
1
1
2
6 319 140 J
4 b
0
3
0
6 68 146 O
4 f
0
0
0
6 280 153 H
4 z
3
0
0
6 345 220 X
4 k
2
1
1
6 183 303 .
4 x
3
1
1
6 213 249 E
4 b
0
3
2
6 359 284 P
4 v
2
2
0
6 263 385 m
4 u
1
1
3
6 14 3 v
4 H
2
2
0
6 378 325 i
4 B
1
3
0
6 289 424 Z
4 F
0
1
2
6 194 330 x
4 W
3
2
0
6 6 1 j
4 o
1
3
0
6 100 135 s
4 i
1
1
2
6 248 18 b
4 L
1
1
1
6 461 132 N
5
4 v
1
3
0
6 295 299 V
4 .
1
2
1
6 43 147 n
4 M
0
2
3
6 116 396 i
4 D
1
2
0
6 397 140 i
4 a
3
3
1
6 302 100 E
9
